500
1000
550
3780
40
580
0
720
0
310
0
3740
5810
520
0
0
0
800
850
1060
390
20
0
940
370
120
120
0
3390
10
3920
2190
10
10
60
0
10
0
10
10
1990
1990
600
600
250
600
250
250
2520
3760
3760
0
2060
480
960
2280
2870
60
60
60
0
0
1500
1500
3950
2590
10
40
10
70
10
70
40
80
70
70
130
0
0
1180
2940
4170
0
200
1890
1890
1890
3070
2770
100
190
1920
70
10
30
280
0
0
2440
1680
60
0
0
1110
400
1390
1390
110
860
750
0
0
100
0
0
2320
2320
0
0
0
0
3220
10
1890
10
10
10
50
40
10
20
20
10
40
10
0
50
50
30
0
10
